20170101110054 +12062812000 33
20170101140211 +18006427676 601
20170102082133 +33140205990 364
20170102133210 +18006427676 324
20170102082133 +33892701239 256
20170103070453 +85223677065 180
20170103085316 +85225081234 215
20170104122204 +12062812000 150
20170104154110 +18558363987 305
20170104200311 +33142345610 123
20170105060209 +18006427676 324
20170105081418 +14255190080 155
20170105100957 +85221120099 101
20170106081715 +85225081234 215
20170106090028 +12062812000 505
20170106162013 +18006427676 601


